rew task                         calls heredoc dupcmd editwarn
  0 task_000010_644ab1c2            28       1      0        0
  0 task_000015_89886d8d            33      33     32        6
  0 task_000028_7fe033ac            26       2      2        0
  0 task_000118_3043e92d            31       8      4        1
  0 task_000140_01c78b42            27       0     26        0
  0 task_000264_ab8c7253            15       0      0        0
  0 task_000329_a3ac56b0            28       0     23        0
  0 task_000338_27d6a1be            33      10      0        0
  0 task_000396_e56917e2            41       4      2        0
  0 task_000505_50b5162d            13       1      0        0
  0 task_000740_59416444            33      23      9        3
  0 task_000933_1f27096a             9       3      0        0
  0 task_000958_4bb2b05d            26       3      4        3
  0 task_001031_a8f0eb37            46       0     39        5
  0 task_001032_1adaccb9            28      10      2        2
  0 task_001090_c61c71f2            32       4      0        0
  0 task_001264_9f4ca84a            17       2      0        0
  0 task_001321_658ce4a8            29       0     23        4
  0 task_001498_df8254c9            40       4      0        0
  0 task_001653_c4cafa73            14       3      0        0
  0 task_001673_86224c91            27      10      3        1
  0 task_001701_95e3bbcb            33       0      4        0
  0 task_001706_24462a09            49       3      0        0
  0 task_001818_b251e5ea            49      28     16        3
  0 task_001937_ac874115            47       6      1        0
  1 task_000024_a0664029            34       0     33        0
  1 task_000206_a943669b            25       3      0        0
  1 task_000344_e265c898            26       1      0        0
  1 task_000536_9c16e8ef            35       5      0        0
  1 task_000578_cebe85a5            39       9      1        0
  1 task_000587_9862bb19            23       2      0        0
  1 task_000667_2d762a00            17       2      0        0
  1 task_000684_1a33ef37            26       4      0        0
  1 task_000748_c9807703            35       3      0        0
  1 task_000760_76ba653c            17       2      0        0
  1 task_000818_315382d9            31       1      0        0
  1 task_000863_7acceb19            14       1      0        0
  1 task_000912_770802f8             9       1      0        0
  1 task_000956_7e92337f            11       1      0        0
  1 task_000965_069bb95f            14       2      0        0
  1 task_001088_6f566806            11       3      0        0
  1 task_001089_220cc46b            20       5      1        0
  1 task_001421_1f2cf4c7            18       2      0        0
  1 task_001515_eed714e6            10       2      0        0
  1 task_001536_acfe6c35            33       2      0        0
  1 task_001591_8901fea6            49      18     20        1
  1 task_001652_86e1d185            42       9      9        0
  1 task_001697_af4b85fb            14       1      0        0
  1 task_001761_f620d44d             7       1      0        0
  1 task_001781_529727cf            33       0     32        0

FAIL n=25 heredoc=158 dup=190 editwarn=28
PASS n=25 heredoc=80 dup=96 editwarn=1
